176
200
297
320
336
412
456
651
652
682
683
705
716
781
792
793
867
868
882
884
896
1032
1086
1097
1111
1168
1182
1188
1248
1375
1382
1395
1409
1415
1470
1486
1555
1595
1609
1643
1771
1812
1816
1817
1818
1819
1964
2031
2057
2133
2166
2180
2187
2223
2224
2317
2428
2461
2529
2573
2622
2729
2798
2799
2871
2975
3040
3041
3104
3143
3162
3198
3218
3238
3239
3265
3267
3317
3348
3441
3473
3571
3615
3675
3676
3680
3787
3827
3918
3978
3980
4013
4091
4107
4205
4227
4234
4235
4367
4368
4390
4431
4454
4522
4540
4547
4606
4664
4866
4891
4892
4971
5084
5107
5108
5181
5216
5243
5258
5280
5281
5295
5327
5335
5426
5465
5516
5533
5736
5821
5942
6007
6011
6052
6059
6114
6140
6141
6265
6268
6392
6466
6666
6678
6679
6764
6789
7173
7191
7287
7307
7394
7441
7468
7497
7498
7508
7509
7604
7752
7800
8052
8296
8313
8348
8392
8542
8559
8562
8593
8665
9062
9117
9235
9260
9289
9290
9331
9422
9442
9444
9484
9500
9732
9733
9814
9900
10109
10168
10182
10349
10431
10449
10455
10488
10507
10660
10682
10742
10836
10852
10925
11031
11104
11146
11172
11369
11402
11430
11512
11689
11690
11741
11875
11903
11933
11997
12051
12122
12128
12247
12248
12292
12315
12326
12429
12430
12434
12450
12487
12667
12668
12785
12798
12799
13091
13241
13378
13427
13509
13586
13622
13668
13700
13784
13785
13815
13843
13910
13958
14098
14110
14174
14316
14331
14667
14680
14707
14896
15008
15097
15113
15185
15193
15416
15417
15508
15510
15525
15571
15658
15856
15923
15958
16010
16085
16119
16285
16286
16577
16660
17012
17116
17316
17367
17633
17650
17712
17726
17809
17951
17977
18399
18791
18835
18964
19066
19366
19555
19560
19618
19680
19907
19932
20015
20136
20184
20188
20200
20302
20327
20341
20344
20414
20492
20539
20650
20694
20781
20796
20797
20839
21061
21142
21207
21289
21340
21346
21516
21575
21671
21675
21889
21968
21979
22170
22447
22448
22501
22604
22670
22759
22812
22838
22888
23067
23155
23287
23305
23346
23410
23412
23498
23546
23547
23583
23655
23680
23733
23853
24197
24248
24462
24477
24513
24831
24832
24908
25042
25366
25527
25685
25777
25781
25805
25852
26047
26088
26120
26163
26495
26556
26733
26991
27269
27310
27605
27902
28090
28188
28317
28540
28968
29191
29213
29381
29387
29467
29479
29528
29870
30232
30409
30440
30583
30700
30744
30900
31374
31781
31915
32341
32775
32817
32981
33030
33072
33431
33781
34065
34357
34482
34656
34751
34895
35049
35360
35594
35638
35916
36293
36675
36905
37085
37570
37744
38589
38590
40954
42664
43470
45760
46828
