46
62
86
92
154
155
170
171
248
249
368
386
410
411
473
615
627
717
822
830
1195
1241
1261
1477
1560
1612
1625
1711
1712
1720
1725
1748
1849
1931
1981
2105
2106
2154
2290
2323
2336
2533
2562
2595
2677
2769
2770
2775
2827
2915
3248
3432
3709
3779
3858
3873
4018
4033
4121
4122
4127
4217
4345
4704
4747
4763
4768
5082
5104
5131
5209
5350
5370
5439
5443
5444
5447
5448
5520
5571
5595
5843
6084
6085
6158
6183
6612
6638
6648
6662
6663
6796
6846
7075
7160
7249
7250
7347
7379
7380
7529
7627
7644
7741
7774
7829
7885
7907
7999
8022
8251
8252
8496
8677
8681
8798
8799
8816
8933
9335
9381
9495
9536
9542
9944
10468
10789
10791
10929
10963
10982
11035
11088
11480
11549
11673
11717
11906
11910
12244
12250
12456
12666
12809
12928
13085
13336
13462
13526
14027
14257
14726
14796
15135
15154
15232
15476
15700
15833
15849
15868
15957
16093
16185
16486
16738
16768
17514
17859
18067
18094
18464
18498
18938
19000
19357
19645
22038
22056
22960
23110
23735
23910
24198
24328
24709
24794
24887
25573
25938
26630
26775
27032
27166
28009
28701
28995
29302
29397
30117
30579
30637
30720
31090
31327
33426
36167
36691
36790
37680
38625
39125
40217
42285
42871
