84
85
115
121
160
161
175
182
214
215
250
286
287
344
394
419
439
449
453
488
525
532
582
587
637
641
645
725
877
880
931
932
954
982
1014
1139
1162
1334
1344
1359
1440
1464
1612
1673
1703
1705
1751
1762
1763
1789
1912
1929
2046
2053
2054
2055
2195
2212
2275
2285
2293
2309
2387
2429
2445
2477
2501
2519
2557
2573
2575
2576
2577
2586
2587
2592
2605
2615
2668
2690
2724
2741
2824
2862
2874
2890
2912
2921
2973
2974
3065
3080
3145
3287
3321
3501
3540
3600
3819
3836
3837
3913
3934
4050
4096
4331
4406
4460
4499
4500
4576
4608
4711
4719
4828
4923
4991
5032
5048
5101
5115
5146
5272
5291
5360
5502
5597
5679
6011
6051
6151
6225
6272
6472
6500
6539
6620
6740
6806
6823
6835
7038
7128
7158
7211
7338
7373
7409
7430
7637
7638
7645
7724
7725
7825
7875
7894
7951
7998
8009
8105
8128
8202
8203
8274
8297
8853
8871
8949
8975
9107
9132
9227
9278
9305
9356
9376
9504
9554
9619
9640
9677
9889
9981
10292
10343
10424
10596
10603
10695
10932
11131
11169
11219
11285
11324
11365
11369
11406
11466
11524
11665
11670
11737
12132
12169
12194
12262
12336
12413
12418
12584
12712
12774
12851
12882
12948
13632
13699
14087
14480
14520
14644
14710
14796
14868
15098
15501
15648
15863
15930
15958
15982
16123
16247
16724
17023
17081
17366
17386
18025
18292
18326
18998
19241
19532
19714
19715
19777
19790
19873
19996
20437
20460
20858
20922
21116
21212
21508
21879
21926
22049
22237
22485
23268
23374
23480
23917
25229
25443
25848
25855
26063
26098
26208
26672
26775
26778
26791
27278
28271
28358
28642
28975
29455
29474
29695
30286
30915
31464
32394
32466
33626
34825
40398
40531
