46
62
90
322
323
360
361
377
458
608
609
627
669
830
945
976
1096
1173
1210
1274
1275
1276
1298
1412
1448
1453
1480
1510
1560
1645
1726
1879
1936
1981
1986
1998
1999
2000
2001
2002
2028
2088
2125
2142
2145
2154
2214
2217
2280
2350
2540
2579
2580
2591
2656
2711
2731
2732
2759
2775
2783
2874
2888
3075
3077
3103
3209
3221
3386
3532
3619
3620
3646
3702
3709
3759
3773
3779
3853
3936
4013
4018
4023
4079
4329
4380
4542
4733
4736
4794
5248
5340
5370
5506
5526
5695
5911
5940
5972
5988
6034
6158
6353
6368
6404
6484
6533
6612
6749
6771
6772
6816
6846
6847
6996
7013
7155
7356
7438
7515
7524
7623
7930
7941
7996
8093
8135
8163
8258
8394
8434
8438
8449
8565
8569
8683
8887
8895
9001
9126
9127
9159
9170
9215
9343
9355
9432
9472
9491
9643
9859
10094
10118
10350
10361
10436
10477
10503
10507
10608
10747
10748
10877
11035
11056
11291
11297
11329
11373
11629
11722
11724
11793
12007
12238
12328
12568
12614
12741
12786
12809
12886
12928
13006
13197
13232
13257
13538
13640
13672
13675
13690
14097
14192
14235
14325
14396
14491
14530
14579
14611
14758
14796
14954
14981
15067
15068
15178
15187
15383
15537
15636
15699
15702
16000
16046
16115
16120
16275
16288
16290
16765
16919
17004
17030
17165
17332
17415
17433
17550
17678
17857
17861
18142
18213
18317
18411
18623
18816
18939
19503
19694
19857
19933
19997
20025
20111
20177
20223
20288
20409
20454
20661
20941
21021
21212
21597
21631
21706
21729
21788
21838
22167
22288
22485
22513
22621
22938
23239
23950
24431
24542
24709
24794
25101
25298
25510
25573
26132
26184
26440
26552
26638
27024
27058
27106
27514
27536
27550
27867
28050
28418
28419
28552
28887
28888
28927
29249
29423
29477
29802
29871
30057
30117
30314
30328
30375
30819
30964
30988
31201
31411
31536
31650
32081
32163
32221
32253
32577
33426
33676
35058
35108
35704
38260
41849
43814
