20
77
86
103
115
116
118
151
157
164
171
172
185
195
246
258
277
378
391
394
404
410
413
416
418
419
423
424
428
461
472
477
532
555
563
599
608
618
619
627
659
669
673
692
728
746
751
752
761
769
773
777
782
862
870
877
974
983
1051
1090
1111
1154
1213
1218
1233
1366
1401
1408
1484
1504
1506
1513
1524
1586
1587
1615
1620
1624
1626
1690
1745
1802
1830
1832
1873
2015
2042
2121
2123
2202
2237
2244
2254
2260
2503
2517
2566
2568
2574
2649
2663
2716
2764
2817
2840
2856
2858
2875
3061
3070
3095
3125
3137
3138
3141
3148
3153
3169
3190
3196
3205
3208
3209
3225
3237
3243
3244
3246
3249
3259
3267
3307
3324
3326
3363
3367
3390
3468
3525
3540
3542
3675
3680
3681
3684
3711
3771
3788
4004
4038
4068
4164
4225
4260
4426
4453
4539
4544
4678
4781
4894
4918
4999
5001
5007
5100
5185
5439
5586
5587
5703
5709
5728
5751
5919
5955
6199
6645
6691
6701
6702
6713
6726
6730
6732
6735
6794
6795
6798
6990
7179
7193
7300
7332
7359
7846
7850
8025
8100
8190
8696
8698
9187
9190
9191
9215
9222
9297
9374
9390
9499
9714
9780
9834
10047
10471
10493
10999
11021
11027
11045
11417
11575
11595
11869
12067
12322
12647
13646
13729
13920
15451
15727
15765
16015
18179
18462
19503
21365
21648
21839
22491
22495
22643
24344
25226
28381
30784
31491
31502
32039
32825
32857
33640
36227
39080
39121
39252
39266
43161
50206
58574
60842
72080
75676
87634
